15
A_M18247.1             0.0000000 2.2227441 2.2227441 2.2227441 0.7068696 0.7016534 2.1431754 2.1564719 2.2274373 0.6726786 2.7765266 2.8091716 0.6726786 0.9858699 0.6493815 
FeLV-B_ON-C__clone_1   2.2227441 0.0000000 0.0028249 0.0028249 0.0056615 0.0028249 0.0481387 0.0576362 0.0387002 0.0356608 0.0703814 0.0705646 0.0356608 0.0775238 0.0296670 
FeLV-B_ON-C__clone_14  2.2227441 0.0028249 0.0000000 0.0000010 0.0028249 0.0000010 0.0481387 0.0576362 0.0387002 0.0356608 0.0703814 0.0705646 0.0356608 0.0775238 0.0296670 
FeLV-B_ON-C_clone_13   2.2227441 0.0028249 0.0000010 0.0000000 0.0028249 0.0000010 0.0481387 0.0576362 0.0387002 0.0356608 0.0703814 0.0705646 0.0356608 0.0775238 0.0296670 
FeLV-B_ON-C_clone_9.1  0.7068696 0.0056615 0.0028249 0.0028249 0.0000000 0.0050272 0.0512600 0.0608043 0.0417679 0.0384046 0.0739133 0.0741060 0.0384046 0.0973508 0.0295158 
FeLV-B_ON-C_clone_9.14 0.7016534 0.0028249 0.0000010 0.0000010 0.0050272 0.0000000 0.0481387 0.0576362 0.0387002 0.0366187 0.0703814 0.0705646 0.0366187 0.0948134 0.0277493 
FeLV-B_ON-H__clone16   2.1431754 0.0481387 0.0481387 0.0481387 0.0512600 0.0481387 0.0000000 0.0087631 0.0206464 0.0176662 0.0193346 0.0193838 0.0176662 0.0484192 0.0237031 
FeLV-B_ON-T__clone_14  2.1564719 0.0576362 0.0576362 0.0576362 0.0608043 0.0576362 0.0087631 0.0000000 0.0297330 0.0267128 0.0225523 0.0226097 0.0267128 0.0579758 0.0328573 
FeLV-B_ON-T__clone_2   2.2274373 0.0387002 0.0387002 0.0387002 0.0417679 0.0387002 0.0206464 0.0297330 0.0000000 0.0029030 0.0427203 0.0428304 0.0029030 0.0612608 0.0146611 
FeLV-B_ON-T_clone_11   0.6726786 0.0356608 0.0356608 0.0356608 0.0384046 0.0366187 0.0176662 0.0267128 0.0029030 0.0000000 0.0393580 0.0394593 0.0000010 0.0899077 0.0133535 
FeLV-B_ON-T_clone_3.14 2.7765266 0.0703814 0.0703814 0.0703814 0.0739133 0.0703814 0.0193346 0.0225523 0.0427203 0.0393580 0.0000000 0.0128073 0.0393580 0.0673023 0.0428338 
FeLV-B_ON-T_clone_3.6  2.8091716 0.0705646 0.0705646 0.0705646 0.0741060 0.0705646 0.0193838 0.0226097 0.0428304 0.0394593 0.0128073 0.0000000 0.0394593 0.0674784 0.0429445 
FeLV-B_ON-T_clone_9    0.6726786 0.0356608 0.0356608 0.0356608 0.0384046 0.0366187 0.0176662 0.0267128 0.0029030 0.0000010 0.0393580 0.0394593 0.0000000 0.0899077 0.0133535 
Y_X00188.1             0.9858699 0.0775238 0.0775238 0.0775238 0.0973508 0.0948134 0.0484192 0.0579758 0.0612608 0.0899077 0.0673023 0.0674784 0.0899077 0.0000000 0.0750221 
Z_AY364318.1           0.6493815 0.0296670 0.0296670 0.0296670 0.0295158 0.0277493 0.0237031 0.0328573 0.0146611 0.0133535 0.0428338 0.0429445 0.0133535 0.0750221 0.0000000 
