15
Y_X00188.1             0.0000000 0.6346583 1.8684043 1.9184141 0.6552961 0.7518786 0.8060223 0.7518786 0.0426542 0.2699156 0.6895430 0.3001254 0.6895430 0.2828308 0.3001254 
FeLV-B_ON-T_clone_9    0.6346583 0.0000000 1.4560928 1.5218663 0.0093226 0.0210140 0.0427274 0.0210140 0.6079387 0.0489028 0.0094995 0.0489028 0.0094995 0.0695159 0.0489028 
FeLV-B_ON-T_clone_3.6  1.8684043 1.4560928 0.0000000 0.0206351 1.4280350 1.4669624 1.5609719 1.4669624 1.7589032 1.4669624 1.4280350 1.4669624 1.4280350 1.4415530 1.4669624 
FeLV-B_ON-T_clone_3.14 1.9184141 1.5218663 0.0206351 0.0000000 1.4946170 1.4669624 1.5609719 1.4669624 1.8126088 1.4669624 1.4946170 1.4669624 1.4946170 1.4415530 1.4669624 
FeLV-B_ON-T_clone_11   0.6552961 0.0093226 1.4280350 1.4946170 0.0000000 0.0104574 0.0318921 0.0104574 0.6278983 0.0389514 0.0000010 0.0389514 0.0000010 0.0593204 0.0389514 
FeLV-B_ON-T__clone_2   0.7518786 0.0210140 1.4669624 1.4669624 0.0104574 0.0000000 0.0211598 0.0000010 0.7177361 0.0000010 0.0104574 0.0000010 0.0104574 0.0211560 0.0000010 
FeLV-B_ON-T__clone_14  0.8060223 0.0427274 1.5609719 1.5609719 0.0318921 0.0211598 0.0000000 0.0211598 0.7697790 0.0211598 0.0318921 0.0211598 0.0318921 0.0430235 0.0211598 
FeLV-B_ON-H__clone16   0.7518786 0.0210140 1.4669624 1.4669624 0.0104574 0.0000010 0.0211598 0.0000000 0.7177361 0.0000010 0.0104574 0.0000010 0.0104574 0.0211560 0.0000010 
A_M18247.1             0.0426542 0.6079387 1.7589032 1.8126088 0.6278983 0.7177361 0.7697790 0.7177361 0.0000000 0.2465170 0.6605510 0.2740866 0.6605510 0.2589200 0.2740866 
FeLV-A_ON-T_clone_3.2  0.2699156 0.0489028 1.4669624 1.4669624 0.0389514 0.0000010 0.0211598 0.0000010 0.2465170 0.0000000 0.0486569 0.0000010 0.0486569 0.0087233 0.0000010 
FeLV-A_ON-T_clone_1.1  0.6895430 0.0094995 1.4280350 1.4946170 0.0000010 0.0104574 0.0318921 0.0104574 0.6605510 0.0486569 0.0000000 0.0486569 0.0000010 0.0691652 0.0486569 
FeLV-A_ON-C_clone_9.2  0.3001254 0.0489028 1.4669624 1.4669624 0.0389514 0.0000010 0.0211598 0.0000010 0.2740866 0.0000010 0.0486569 0.0000000 0.0486569 0.0066171 0.0000010 
FeLV-A_ON-T_clone_1.2  0.6895430 0.0094995 1.4280350 1.4946170 0.0000010 0.0104574 0.0318921 0.0104574 0.6605510 0.0486569 0.0000010 0.0486569 0.0000000 0.0691652 0.0486569 
FeLV-A_ON-T_clone_3.4  0.2828308 0.0695159 1.4415530 1.4415530 0.0593204 0.0211560 0.0430235 0.0211560 0.2589200 0.0087233 0.0691652 0.0066171 0.0691652 0.0000000 0.0066171 
FeLV-A_ON-C_clone_9.4  0.3001254 0.0489028 1.4669624 1.4669624 0.0389514 0.0000010 0.0211598 0.0000010 0.2740866 0.0000010 0.0486569 0.0000010 0.0486569 0.0066171 0.0000000 
